0
-0.208916
0.948945
-1.84667
-0.862609
-1.68907
-0.540044
1.97485
0.889439
2.30392
-0.223507
-0.615968
-0.0442403
-1.09045
1.05795
-1.05849
-0.869703
-1.00267
-1.41994
1.7636
0.969687
2.29243
0.853553
-1.11547
-0.136001
-1.75301
0.500432
-0.199957
-0.862178
-0.141829
-1.7686
1.12991
1.08212
1.83813
1.89448
-1.12445
-0.294947
-2.00847
-0.541765
0.432987
-0.78931
0.621354
-1.43887
0.300851
1.17398
1.11318
2.52292
-0.645391
-0.498492
-1.81571
-1.71811
0.613295
-0.627564
1.06424
-0.518017
-0.418375
1.1872
0.369055
2.50396
0.145055
-0.688348
-1.28624
-2.63097
0.266998
-0.398303
1.0868
0.703121
-0.750071
1.08986
-0.154115
1.82475
0.951718
-0.796094
-0.636806
-2.97294
-0.493945
-0.164514
0.738232
1.83137
-0.544309
0.897924
-0.308983
0.697735
1.46135
-0.77696
-0.108498
-2.63226
-1.40404
-0.00637186
0.190485
2.50725
0.162537
0.676351
-0.0854366
-0.513979
1.45345
-0.636595
0.117634
-1.72977
-2.13275
0.0148995
-0.32913
2.52831
1.15356
0.516682
0.39533
-1.42285
0.882178
-0.437644
-0.021305
-0.575167
-2.39945
-0.110609
-0.620068
1.91715
2.10165
0.499093
0.931902
-1.7503
-0.101123
-0.280909
-0.456883
0.441587
-2.07457
-0.328004
-0.575768
0.910951
2.68136
0.654162
1.31808
-1.42114
-1.19466
-0.266648
-1.02281
0.985291
-1.23043
-0.531124
-0.213318
-0.12296
2.68386
0.941228
1.4145
-0.586469
-2.04779
-0.450736
-1.52005
0.88995
-0.122052
-0.600281
0.342277
-0.81535
2.09397
1.25462
1.19139
0.431712
-2.38299
-0.813972
-1.78837
0.213186
0.897251
-0.450792
0.910371
-0.922093
1.10095
1.45822
0.729588
1.2541
-2.09526
-1.25899
-1.75845
-0.787348
1.49732
-0.073086
1.3222
-0.406004
0.0372544
1.43708
0.182452
1.57554
-1.29327
-1.63911
-1.46749
-1.74615
1.48748
0.453158
1.47833
0.554128
-0.734588
1.14655
-0.28442
1.2686
-0.266169
-1.8106
-1.03577
-2.31752
0.886504
0.979303
1.37635
1.62913
-0.948441
0.638727
-0.552274
0.423851
0.61397
-1.68964
-0.615808
-2.29391
-0.0796559
1.33779
1.1012
2.45549
-0.529742
0.0534467
-0.585781
-0.685779
1.02085
-1.29174
-0.334957
-1.67409
-1.05302
1.40486
0.785188
2.76079
0.374739
-0.426146
-0.435813
-1.70266
0.789106
-0.736227
-0.253095
-0.658832
-1.66654
1.15243
0.554903
2.45471
1.44431
-0.639124
-0.210541
-2.30891
-0.0249771
-0.211066
-0.349493
0.422973
-1.67234
0.667998
0.486128
1.65523
2.29361
-0.509822
-0.0286369
-2.33405
-1.15947
0.0918564
-0.541014
1.23021
-1.03036
0.132043
0.582734
0.64237
2.60614
-0.0838855
0.0260368
-1.80893
-2.23506
0.0485093
-0.721593
1.52647
0.0746417
-0.241716
0.785231
-0.242456
2.2457
0.478623
-0.068882
-0.948859
-2.88563
-0.345271
-0.805726
1.25751
1.29433
-0.283433
1.00262
-0.715127
1.30611
0.953717
-0.274636
-0.073891
-2.88574
-0.962736
-0.758565
0.563578
2.236
0.0662971
1.15265
-0.644034
0.0811768
1.13169
-0.515873
0.504421
-2.23045
-1.58323
-0.602031
-0.275533
2.59847
0.726178
1.19353
-0.0895929
-1.03541
0.895633
-0.716962
0.589374
-1.1389
-1.9667
-0.396864
-0.941518
2.27719
1.49401
1.1349
0.723704
-1.68578
0.270936
-0.83395
0.162124
0.0201306
-1.94037
-0.210417
-1.18812
1.40173
2.11241
1.02542
1.49063
-1.6721
-0.574368
-0.869013
-0.618903
0.855234
-1.46623
-0.0852247
-0.922615
0.291824
2.35896
0.924426
1.9331
-1.02568
-1.38159
-0.862551
-1.47958
1.0879
-0.663233
-0.0221147
-0.231162
-0.652765
2.12891
0.87125
1.89419
0.00328573
-1.88953
-0.868041
-2.12889
0.649235
0.226398
0.0154596
0.658511
-1.09066
1.47977
0.866512
1.38643
1.03213
-1.92847
-0.922093
-2.35916
-0.295962
0.917641
0.0788481
1.46146
-0.85718
0.619332
0.873491
0.57958
1.67821
-1.48597
-1.02394
-2.11299
-1.40624
1.18276
0.204512
1.9356
-0.0213478
-0.16127
0.838674
-0.265235
1.69144
-0.719075
-1.1341
-1.49519
-2.28187
0.935682
0.391485
1.96209
1.13824
-0.587883
0.721712
-0.889443
1.04063
0.0939955
-1.19319
-0.728141
-2.60317
0.269252
0.597088
1.57903
2.23015
-0.502136
0.520551
-1.12515
-0.0762722
0.647963
-1.15256
-0.0691216
-2.2407
-0.570142
0.753877
0.959195
2.88567
0.0770112
0.279289
-0.947066
-1.30136
0.718358
-1.00266
0.279812
-1.29912
-1.26411
0.801099
0.342554
2.88576
0.952719
0.0736689
-0.472141
-2.24097
0.24486
-0.785448
0.237489
-0.0796918
-1.53284
0.716908
-0.0503743
2.23549
1.81332
-0.0209167
0.0899734
-2.6014
-0.640785
-0.583279
-0.136618
1.02491
-1.23616
0.536285
-0.0929796
1.16038
2.33874
0.0342407
0.51541
-2.28895
-1.65434
-0.487227
-0.672682
1.66642
-0.428438
0.344875
0.210481
0.0265541
2.31368
0.21666
0.64425
-1.43994
-2.45431
-0.556766
-1.15708
1.66021
0.653791
0.248836
0.735962
-0.786729
1.7074
0.442331
0.43096
-0.370883
-2.76068
-0.787922
-1.40947
1.04646
1.66932
0.331323
1.29165
-1.01766
0.690524
0.592462
-0.0487535
0.532879
-2.45558
-1.10477
-1.34249
0.0731152
2.28924
0.612991
1.6897
-0.610087
-0.418973
0.558831
-0.634006
0.950761
-1.62942
-1.38057
-0.984271
-0.892783
2.31285
1.03383
1.81093
0.270533
-1.26342
0.290605
-1.14176
0.736125
-0.554767
-1.48296
-0.458571
-1.49333
1.74148
1.46634
1.63992
1.29788
-1.56992
-0.176774
-1.43234
-0.0363542
0.404827
-1.32697
0.0671502
-1.50271
0.782821
1.75789
1.2605
2.09993
-1.24802
-0.724408
-1.45374
-1.10048
0.920194
-0.915117
0.444398
-0.902267
-0.217354
1.78818
0.816332
2.38764
-0.425276
-1.18658
-1.25067
-2.09378
0.812633
-0.346961
0.593628
0.117252
-0.893523
1.52005
0.453963
2.05248
0.593052
-1.40985
-0.938047
-2.68384
0.119459
0.208596
0.52449
1.22568
-0.988097
1.02296
0.270609
1.19953
1.42761
-1.31345
-0.651852
-2.68158
-0.915081
0.570828
0.32166
2.0698
-0.443571
0.457265
0.285367
0.106355
1.75645
-0.927213
-0.497616
-2.10225
-1.92168
0.614729
0.104738
2.39469
0.57393
0.0221132
0.442332
-0.876476
1.42854
-0.390661
-0.515871
-1.15476
-2.53301
0.323291
-0.0202543
2.12816
1.72911
-0.116178
0.641301
-1.44728
0.519222
0.0898848
-0.675979
-0.164506
-2.51197
-0.19679
0.00143528
1.39986
2.63198
0.110767
0.781598
-1.45484
-0.692826
0.312952
-0.897787
0.541499
-1.83609
-0.744831
0.15981
0.490419
2.97289
0.639932
0.800721
-0.945105
-1.82001
0.15737
-1.08985
0.746483
-0.707921
-1.09343
0.393641
-0.26972
2.63112
1.29012
0.69313
-0.138604
-2.49926
-0.366646
-1.18738
0.414193
0.512981
-1.07064
0.622836
-0.615185
1.71855
1.82014
0.503628
0.651465
-2.51821
-1.11161
-1.1745
-0.305382
1.43344
-0.627312
0.78454
-0.434152
0.542662
2.01318
0.300582
1.13005
-1.88985
-1.83726
-1.08322
-1.13457
1.76272
0.136376
0.85753
0.199324
-0.498884
1.75778
0.142155
1.12062
-0.849181
-2.29205
-0.971568
-1.76824
1.41364
0.997654
0.865435
1.05818
-1.05562
1.09518
0.0507859
0.620822
0.227382
-2.30383
-0.8922
-1.97947
0.533505
1.68433
0.858985
1.84655
-0.945803
0.213632
0.00669201
-0.204181
0.952119
-1.84675
-0.866202
-1.69379
-0.546584
1.97021
0.886646
2.30397
-0.219662
-0.61113
-0.0376918
-1.0857
1.06032
-1.05876
-0.873942
-1.00767
-1.42624
1.75894
0.967774
2.29278
0.857896
-1.11032
-0.129841
-1.74821
0.502013
-0.200555
-0.866798
-0.147271
-1.77449
1.12524
1.08098
1.83897
1.89909
-1.11886
-0.289303
-2.00373
-0.540833
0.431857
-0.794055
0.615403
-1.4443
0.296293
1.17342
1.11472
2.5276
-0.639323
-0.493343
-1.81126
-1.71764
0.611438
-0.63227
1.05785
-0.523067
-0.422587
1.18699
0.371431
2.50864
0.151503
-0.68355
-1.28233
-2.63078
0.264309
-0.402944
1.08017
0.698303
-0.753689
1.08982
-0.15089
1.82947
0.958331
-0.791448
-0.633648
-2.97295
-0.49744
-0.1692
0.731632
1.82663
-0.54715
0.898025
-0.305044
0.702629
1.46786
-0.7723
-0.106196
-2.63251
-1.40818
-0.0112944
0.184177
2.5025
0.160536
0.676688
-0.0810165
-0.508748
1.45963
-0.631865
0.119123
-1.7304
-2.1373
0.00955557
-0.334976
2.52358
1.15233
0.517457
0.399972
-1.41716
0.88789
-0.432931
-0.0204616
-0.57637
-2.40418
-0.116471
-0.625418
1.91259
2.10101
0.500535
0.936568
-1.74416
-0.0958784
-0.276422
-0.456465
0.439637
-2.07931
-0.334343
-0.580721
0.906792
2.6811
0.656439
1.3227
-1.41467
-1.18976
-0.262656
-1.02262
0.982517
-1.23515
-0.537757
-0.218056
-0.126492
2.68384
0.944377
1.41912
-0.579886
-2.04308
-0.447479
-1.52001
0.886407
-0.126834
-0.606936
0.337572
-0.818098
2.09414
1.25853
1.19619
0.43815
-2.37832
-0.811579
-1.78853
0.209047
0.892249
-0.457191
0.905602
-0.924026
1.10137
1.46267
0.734755
1.26018
-2.09057
-1.25745
-1.75898
-0.791848
1.49193
-0.0790294
1.3174
-0.407217
0.0381193
1.4418
0.18812
1.58116
-1.28864
-1.63827
-1.46861
-1.75079
1.48163
0.447734
1.47368
0.553454
-0.733086
1.15131
-0.278241
1.27379
-0.261777
-1.81023
-1.03768
-2.32217
0.88023
0.974321
1.37209
1.62879
-0.946154
0.643427
-0.54572
0.428745
0.617883
-1.68954
-0.618592
-2.29855
-0.0861951
1.33308
1.0976
2.45537
-0.526637
0.0581212
-0.579101
-0.681015
1.02407
-1.29179
-0.33856
-1.67885
-1.05958
1.40022
0.782422
2.76086
0.378565
-0.421348
-0.429293
-1.69789
0.791516
-0.736455
-0.257324
-0.66386
-1.67287
1.14776
0.553007
2.45508
1.44866
-0.63401
-0.204416
-2.30412
-0.023366
-0.211615
-0.354084
0.417519
-1.67827
0.663288
0.484993
1.65609
2.29823
-0.504242
-0.0230239
-2.32934
-1.15853
0.0907679
-0.545717
1.22426
-1.03582
0.127441
0.582154
0.64392
2.61085
-0.0778038
0.0311692
-1.8045
-2.2346
0.0466778
-0.726255
1.52011
0.0695777
-0.245972
0.784978
-0.240084
2.25041
0.485101
-0.0640797
-0.944968
-2.88546
-0.347957
-0.810333
1.25092
1.28952
-0.287085
1.00253
-0.711928
1.31085
0.960367
-0.269965
-0.0707395
-2.88578
-0.966246
-0.763236
