-3.84335
-3.84387
-3.84541
-3.84798
-3.85158
-3.85622
-3.86192
-3.86867
-3.87649
-3.88539
-3.8954
-3.90652
-3.91878
-3.93219
-3.94679
-3.96261
-3.97966
-3.99799
-4.01762
-4.0386
-4.06097
-4.08477
-4.11005
-4.13687
-4.16527
-4.19533
-4.22711
-4.26068
-4.29612
-4.33351
-4.37295
-4.41452
-4.45835
-4.50453
-4.55321
-4.6045
-4.65857
-4.71557
-4.77567
-4.83908
-4.90598
-4.97662
-5.05124
-5.13012
-5.21356
-5.30189
-5.39549
-5.49475
-5.60014
-5.71216
-5.83138
-5.95843
-6.09401
-6.23894
-6.39411
-6.56057
-6.73948
-6.9322
-7.14028
-7.36551
-7.60999
-7.87616
-8.16691
-8.48565
-8.83648
-9.22432
-9.65516
-10.1364
-10.6771
-11.2888
-11.9863
-12.7885
-13.7205
-14.8163
-16.1226
-17.7058
-19.6635
-22.1456
-25.3938
-29.8256
-36.229
-46.2914
-64.3936
-106.554
-315.503
321.007
105.619
62.9437
44.7002
34.5802
28.1483
23.7007
20.4432
17.9557
15.9947
14.41
13.1033
12.008
11.0771
10.2766
9.58142
8.97242
8.43488
7.9573
7.5305
7.14714
6.80121
6.48781
6.20286
5.94296
5.70525
5.48732
5.28709
5.10281
4.93296
4.77624
4.63151
4.4978
4.37425
4.26014
4.15481
4.05773
3.9684
3.88643
3.81148
3.74325
3.68153
3.62613
3.57694
3.53387
3.49693
3.46614
3.44159
3.42346
3.41198
3.40747
3.41034
3.42113
3.44049
3.46926
3.50849
3.55948
3.62388
3.70375
3.80175
3.92133
4.06699
4.24475
4.46282
4.73269
5.07087
5.50201
6.06458
6.82209
7.88736
9.48187
12.108
17.2005
31.164
225.741
-40.2543
-17.9457
-11.3375
-8.1795
-6.33493
-5.12939
-4.28257
-3.65711
-3.17775
-2.79983
-2.49518
-2.24512
-2.03682
-1.86115
-1.71143
-1.58269
-1.47114
-1.37384
-1.28846
-1.21317
-1.14648
-1.08716
-1.03422
-0.986833
-0.944295
-0.90602
-0.871511
-0.840341
-0.812144
-0.786605
-0.763449
-0.742437
-0.723361
-0.706035
-0.690298
-0.676007
-0.663034
-0.651265
-0.6406
-0.630948
-0.622227
-0.614364
-0.607294
-0.600956
-0.595296
-0.590266
-0.585821
-0.581921
-0.578528
-0.575608
-0.573132
-0.571071
-0.569399
-0.568091
-0.567128
-0.566487
-0.566152
-0.566104
-0.566329
-0.566812
-0.567539
-0.568498
-0.569678
-0.571069
-0.57266
-0.574442
-0.576408
-0.578549
-0.580859
-0.58333
-0.585958
-0.588735
-0.591658
-0.594721
-0.597919
-0.601249
-0.604707
-0.60829
-0.611994
-0.615817
-0.619756
-0.623809
-0.627972
-0.632246
-0.636627
-0.641115
-0.645708
-0.650405
-0.655204
-0.660106
-0.665108
-0.670212
-0.675416
-0.68072
-0.686125
-0.691629
-0.697234
-0.702939
-0.708745
-0.714652
-0.720661
-0.726773
-0.732988
-0.739308
-0.745733
-0.752264
-0.758903
-0.765651
-0.77251
-0.779481
-0.786566
-0.793766
-0.801084
-0.808521
-0.816079
-0.823762
-0.83157
-0.839506
-0.847573
-0.855774
-0.864111
-0.872587
-0.881206
-0.889969
-0.898881
-0.907946
-0.917165
-0.926544
-0.936086
-0.945796
-0.955676
-0.965732
-0.975967
-0.986388
-0.996998
-1.0078
-1.01881
-1.03002
-1.04144
-1.05307
-1.06493
-1.07702
-1.08935
-1.10191
-1.11473
-1.12781
-1.14115
-1.15476
-1.16865
-1.18284
-1.19732
-1.21211
-1.22722
-1.24266
-1.25844
-1.27458
-1.29107
-1.30794
-1.3252
-1.34286
-1.36093
-1.37943
-1.39838
-1.4178
-1.43769
-1.45807
-1.47897
-1.50041
-1.5224
-1.54496
-1.56813
-1.59192
-1.61635
-1.64146
-1.66727
-1.69381
-1.72111
-1.74921
-1.77814
-1.80794
-1.83863
-1.87028
-1.90291
-1.93658
-1.97133
-2.00722
-2.04431
-2.08264
-2.12229
-2.16331
-2.2058
-2.24981
-2.29544
-2.34276
-2.39189
-2.44291
-2.49594
-2.5511
-2.60851
-2.66831
-2.73066
-2.79571
-2.86364
-2.93464
-3.00893
-3.08672
-3.16827
-3.25386
-3.34378
-3.43836
-3.53798
-3.64303
-3.75397
-3.8713
-3.99558
-4.12742
-4.26754
-4.41673
-4.57588
-4.74601
-4.92828
-5.12403
-5.33477
-5.5623
-5.80866
-6.07627
-6.36799
-6.68717
-7.03787
-7.42493
-7.85429
-8.33322
-8.87077
-9.47832
-10.1704
-10.9659
-11.8898
-12.9756
-14.27
-15.839
-17.7802
-20.2435
-23.4718
-27.8861
-34.2859
-44.3975
-62.7648
-106.462
-344.145
283.383
100.906
61.5839
44.4211
34.8055
28.657
24.3875
21.2505
18.8485
16.9506
15.4135
14.1436
13.0769
12.1684
11.3857
10.7043
10.106
9.57659
9.1049
8.6821
8.30107
7.95601
7.64214
7.35549
7.09276
6.85114
6.62826
6.4221
6.23089
6.05314
5.88754
5.73293
5.58832
5.45282
5.32566
5.20612
5.09361
4.98757
4.88751
4.79298
4.70358
4.61895
4.53877
4.46274
4.39059
4.32208
4.25697
4.19508
4.1362
4.08016
4.02682
3.97602
3.92762
3.88151
3.83757
3.79569
3.75578
3.71774
3.68149
3.64696
3.61406
3.58273
3.55291
3.52454
3.49757
3.47194
3.44761
3.42453
3.40266
3.38197
3.36241
3.34396
3.32659
3.31026
3.29495
3.28064
3.2673
3.25491
3.24345
3.23291
3.22327
3.21451
3.20663
3.1996
3.19343
3.1881
3.1836
3.17992
3.17707
3.17504
3.17382
3.17342
3.17382
3.17504
3.17707
3.17992
3.1836
3.1881
3.19343
3.1996
3.20663
3.21451
3.22327
3.23291
3.24345
3.25491
3.2673
3.28064
3.29495
3.31026
3.32659
3.34396
3.36241
3.38197
3.40266
3.42453
3.44761
3.47194
3.49757
3.52454
3.55291
3.58273
3.61406
3.64696
3.68149
3.71774
3.75578
3.79569
3.83757
3.88151
3.92762
3.97602
4.02682
4.08016
4.1362
4.19508
4.25697
4.32208
4.39059
4.46274
4.53877
4.61895
4.70358
4.79298
4.88751
4.98757
5.09361
5.20612
5.32566
5.45282
5.58832
5.73293
5.88754
6.05314
6.23089
6.4221
6.62826
6.85114
7.09276
7.35549
7.64214
7.95601
8.30107
8.6821
9.1049
9.57659
10.106
10.7043
11.3857
12.1684
13.0769
14.1436
15.4135
16.9506
18.8485
21.2505
24.3875
28.657
34.8055
44.4211
61.5839
100.906
283.383
-344.145
-106.462
-62.7648
-44.3975
-34.2859
-27.8861
-23.4718
-20.2435
-17.7802
-15.839
-14.27
-12.9756
-11.8898
-10.9659
-10.1704
-9.47832
-8.87077
-8.33322
-7.85429
-7.42493
-7.03787
-6.68717
-6.36799
-6.07627
-5.80866
-5.5623
-5.33477
-5.12403
-4.92828
-4.74601
-4.57588
-4.41673
-4.26754
-4.12742
-3.99558
-3.8713
-3.75397
-3.64303
-3.53798
-3.43836
-3.34378
-3.25386
-3.16827
-3.08672
-3.00893
-2.93464
-2.86364
-2.79571
-2.73066
-2.66831
-2.60851
-2.5511
-2.49594
-2.44291
-2.39189
-2.34276
-2.29544
-2.24981
-2.2058
-2.16331
-2.12229
-2.08264
-2.04431
-2.00722
-1.97133
-1.93658
-1.90291
-1.87028
-1.83863
-1.80794
-1.77814
-1.74921
-1.72111
-1.69381
-1.66727
-1.64146
-1.61635
-1.59192
-1.56813
-1.54496
-1.5224
-1.50041
-1.47897
-1.45807
-1.43769
-1.4178
-1.39838
-1.37943
-1.36093
-1.34286
-1.3252
-1.30794
-1.29107
-1.27458
-1.25844
-1.24266
-1.22722
-1.21211
-1.19732
-1.18284
-1.16865
-1.15476
-1.14115
-1.12781
-1.11473
-1.10191
-1.08935
-1.07702
-1.06493
-1.05307
-1.04144
-1.03002
-1.01881
-1.0078
-0.996998
-0.986388
-0.975967
-0.965732
-0.955676
-0.945796
-0.936086
-0.926544
-0.917165
-0.907946
-0.898881
-0.889969
-0.881206
-0.872587
-0.864111
-0.855774
-0.847573
-0.839506
-0.83157
-0.823762
-0.816079
-0.808521
-0.801084
-0.793766
-0.786566
-0.779481
-0.77251
-0.765651
-0.758903
-0.752264
-0.745733
-0.739308
-0.732988
-0.726773
-0.720661
-0.714652
-0.708745
-0.702939
-0.697234
-0.691629
-0.686125
-0.68072
-0.675416
-0.670212
-0.665108
-0.660106
-0.655204
-0.650405
-0.645708
-0.641115
-0.636627
-0.632246
-0.627972
-0.623809
-0.619756
-0.615817
-0.611994
-0.60829
-0.604707
-0.601249
-0.597919
-0.594721
-0.591658
-0.588735
-0.585958
-0.58333
-0.580859
-0.578549
-0.576408
-0.574442
-0.57266
-0.571069
-0.569678
-0.568498
-0.567539
-0.566812
-0.566329
-0.566104
-0.566152
-0.566487
-0.567128
-0.568091
-0.569399
-0.571071
-0.573132
-0.575608
-0.578528
-0.581921
-0.585821
-0.590266
-0.595296
-0.600956
-0.607294
-0.614364
-0.622227
-0.630948
-0.6406
-0.651265
-0.663034
-0.676007
-0.690298
-0.706035
-0.723361
-0.742437
-0.763449
-0.786605
-0.812144
-0.840341
-0.871511
-0.90602
-0.944295
-0.986833
-1.03422
-1.08716
-1.14648
-1.21317
-1.28846
-1.37384
-1.47114
-1.58269
-1.71143
-1.86115
-2.03682
-2.24512
-2.49518
-2.79983
-3.17775
-3.65711
-4.28257
-5.12939
-6.33493
-8.1795
-11.3375
-17.9457
-40.2543
225.741
31.164
17.2005
12.108
9.48187
7.88736
6.82209
6.06458
5.50201
5.07087
4.73269
4.46282
4.24475
4.06699
3.92133
3.80175
3.70375
3.62388
3.55948
3.50849
3.46926
3.44049
3.42113
3.41034
3.40747
3.41198
3.42346
3.44159
3.46614
3.49693
3.53387
3.57694
3.62613
3.68153
3.74325
3.81148
3.88643
3.9684
4.05773
4.15481
4.26014
4.37425
4.4978
4.63151
4.77624
4.93296
5.10281
5.28709
5.48732
5.70525
5.94296
6.20286
6.48781
6.80121
7.14714
7.5305
7.9573
8.43488
8.97242
9.58142
10.2766
11.0771
12.008
13.1033
14.41
15.9947
17.9557
20.4432
23.7007
28.1483
34.5802
44.7002
62.9437
105.619
321.007
-315.503
-106.554
-64.3936
-46.2914
-36.229
-29.8256
-25.3938
-22.1456
-19.6635
-17.7058
-16.1226
-14.8163
-13.7205
-12.7885
-11.9863
-11.2888
-10.6771
-10.1364
-9.65516
-9.22432
-8.83648
-8.48565
-8.16691
-7.87616
-7.60999
-7.36551
-7.14028
-6.9322
-6.73948
-6.56057
-6.39411
-6.23894
-6.09401
-5.95843
-5.83138
-5.71216
-5.60014
-5.49475
-5.39549
-5.30189
-5.21356
-5.13012
-5.05124
-4.97662
-4.90598
-4.83908
-4.77567
-4.71557
-4.65857
-4.6045
-4.55321
-4.50453
-4.45835
-4.41452
-4.37295
-4.33351
-4.29612
-4.26068
-4.22711
-4.19533
-4.16527
-4.13687
-4.11005
-4.08477
-4.06097
-4.0386
-4.01762
-3.99799
-3.97966
-3.96261
-3.94679
-3.93219
-3.91878
-3.90652
-3.8954
-3.88539
-3.87649
-3.86867
-3.86192
-3.85622
-3.85158
-3.84798
-3.84541
-3.84387
